
RN_STD: 5.00e-02
EPOCHS: 280
WARMUP_PERC: 3.00e-01
WEIGHT_DECAY: 1.00e-05

X1:  Accuracy Test: 0.3665158371040724 


RN_STD: 5.00e-02
EPOCHS: 220
WARMUP_PERC: 4.00e-01
WEIGHT_DECAY: 1.00e-05

X1:  Accuracy Test: 0.38009049773755654 


RN_STD: 4.00e-02
EPOCHS: 280
WARMUP_PERC: 2.00e-01
WEIGHT_DECAY: 1.00e-05

