
RN_STD: 2.00e-02
EPOCHS: 270
WARMUP_PERC: 2.00e-01
WEIGHT_DECAY: 1.00e-05

no_lstm_X1:  Accuracy Test: 0.8619528619528619 


RN_STD: 0.00e+00
EPOCHS: 240
WARMUP_PERC: 3.00e-01
WEIGHT_DECAY: 1.00e-05

no_lstm_X1:  Accuracy Test: 0.7912457912457912 


RN_STD: 0.00e+00
EPOCHS: 250
WARMUP_PERC: 4.00e-01
WEIGHT_DECAY: 1.00e-05

no_lstm_X1:  Accuracy Test: 0.8181818181818182 


RN_STD: 0.00e+00
EPOCHS: 250
WARMUP_PERC: 3.00e-01
WEIGHT_DECAY: 1.00e-05

