
RN_STD: 2.00e-02
EPOCHS: 240
WARMUP_PERC: 4.00e-01
WEIGHT_DECAY: 1.00e-05

no_lstm:  Accuracy Test: 0.6936936936936937 


RN_STD: 0.00e+00
EPOCHS: 260
WARMUP_PERC: 3.00e-01
WEIGHT_DECAY: 1.00e-05

no_lstm:  Accuracy Test: 0.6306306306306306 


RN_STD: 2.00e-02
EPOCHS: 260
WARMUP_PERC: 3.00e-01
WEIGHT_DECAY: 1.00e-05

no_lstm:  Accuracy Test: 0.6846846846846847 


RN_STD: 0.00e+00
EPOCHS: 220
WARMUP_PERC: 4.00e-01
WEIGHT_DECAY: 1.00e-05

